0.998006
0.0444881
0
0
0
0
0
0
0
0
0
0
0
0
0
0
0
0
0
0
0
0
0
0
0.859667
0.647085
0.0384216
0
0
0.304236
0.299962
0
0
0
0
0
0
0
0
-0.12896
0
0.74504
0.649538
0.551512
0.521871
0.471578
0.6982
0.517855
0.382851
0.36547
0.485491
0.354081
0.418528
0.374269
0
0
0
0.208353
0.331812
0.290507
0.166417
0.416078
0.95983
0.903545
0.960947
0.975887
0.94287
0.803514
0.783096
0.891528
0.944152
0.968096
0.972791
0.973721
0.9783
0.99192
0.994901
0.994433
0.994151
0.993474
0.978585
0.96203
0.941196
0.951688
0.951201
0.960544
0.969329
0.988273
0.989884
0.991829
0.992892
0.99232
0.984476
0.943029
0.979071
0.979744
0.974802
0.971449
0.968771
0.935006
0
-0.0744863
0
0.427194
0.443393
0.397028
0.412422
0.772504
0.933728
0.970397
0.986875
0.995757
0.995612
0.995505
0.995173
0.951746
0.927727
0.915247
0.952948
0.95854
0.950283
0.659607
0.373064
0.694549
0.86452
0.891926
0.864133
0.623192
0.926736
0.279954
0
0.055973
0.954629
0.978052
0.978912
0.923393
0.412994
0
0
0.7205
0.970655
0.867349
0.881118
0.943936
0.947287
0.954854
0.943354
0.941338
0.942794
0.953393
0.963401
0.95477
0.249738
-0.552548
-0.790291
-0.752834
-0.646022
-0.443943
0
0.299898
0
0
0.671623
0.793959
0.932047
0.875888
0.986377
0.985926
0.984668
0.983719
0.984264
0.983987
0.981344
0.974703
0.963218
0.961263
0.570836
0.442758
0.163261
0.245177
0.0611754
0
0
0
0
0
-0.0997136
-0.0610201
0
0.0950736
0.608646
0.676492
0.6106
0.665791
0.94992
0.946928
0.912229
0.879277
0.261915
-0.177101
-0.309128
-0.263123
0.742931
0.974256
0.962191
0.949819
0.93721
0.925693
0.842224
0.7807
0.92452
0.862583
0.854893
0.877062
0.906379
0.951565
0.381893
-0.686223
-0.691369
-0.72002
-0.341179
0.976104
0.974531
0.975175
0.933771
-0.588218
-0.749009
-0.72926
-0.733782
-0.790274
-0.761229
-0.596763
-0.374561
0
0.385963
0.462654
0.959969
0.948857
0.93369
0.924831
0.938815
0.942586
0.957323
0.975752
0.995615
0.99598
0.994644
0.989549
0.875852
0
0
0.783091
0.890415
0.968323
0.947003
0.945902
0.921867
0
0
0
0
0
0
0
0