0.843606
0
0
0
0
0
0
0
0
0
0
0
0
0
0
0
0
0
0
0
0
0
0
0
0.118608
0.158753
0
0
0.0058572
0
0
0
0
0.146454
0
0
0
0
0
0
0
0
0.0595233
0.067512
0.099197
0.173182
0.0433653
0.137427
0.067961
0.0395474
0.0613793
0.0842125
0.217282
0.0167354
0
0
0
0
0.31064
0.0507896
0.0819433
0.197325
0.78695
0.755723
0.850013
0.859787
0.815354
0.573406
0.485411
0.569646
0.749273
0.861702
0.881132
0.889562
0.881713
0.861723
0.910021
0.913724
0.915892
0.91454
0.807165
0.888915
0.886734
0.88511
0.90241
0.907135
0.860728
0.915382
0.931386
0.93023
0.916407
0.88002
0.821299
0.357707
0.846947
0.87236
0.858823
0.871668
0.837742
0.568177
0.0303131
0.0423934
0.0938773
0.216683
0.15962
0.100395
0.167611
0.607092
0.815903
0.843732
0.884486
0.897501
0.906395
0.905986
0.9033
0.815494
0.858495
0.810357
0.857735
0.881738
0.837774
0.683355
0.462512
0.638388
0.796178
0.847089
0.756278
0.488637
0.739597
0.228533
0.0744905
0.159856
0.657534
0.861377
0.715321
0.206557
0
0
0
0
0.0542861
0.10749
0.458148
0.719029
0.749207
0.846871
0.860226
0.894878
0.894217
0.868855
0.849565
0.778652
0.311164
0.0570588
0.163882
0.0963451
0.140501
0.113317
0.0474571
0.0022012
0
0
0.110902
0.252676
0.0194695
0.001064
0.444453
0.836452
0.839788
0.839087
0.836102
0.835808
0.830146
0.665457
0.130525
0.206301
0.139487
0
0.140016
0.263677
0.195064
0.0837992
0.126469
0.188634
0.0610279
0.0693573
0.0572781
0.0657324
0.114592
0.19988
0.303298
0.0539786
0.160781
0.24237
0.62118
0.818179
0.790003
0.628957
0.167203
0.0999635
0.123928
0.0338397
0.431055
0.820003
0.755096
0.80796
0.793757
0.775363
0.73845
0.693924
0.75053
0.79035
0.844148
0.854086
0.867077
0.862093
0.509868
0.131902
0.10817
0.146599
0.0335136
0.677531
0.857128
0.833113
0.775337
0.116634
0.183519
0.0888347
0.173086
0.137954
0.109926
0.0578361
0.0587414
0
0
0.0954323
0.504822
0.784045
0.784974
0.783034
0.808523
0.814023
0.824095
0.751128
0.786349
0.837794
0.732066
0.427655
0.171517
0
0
0
0.0829348
0.115178
0.158385
0.118701
0
0
0
0
0
0
0
0
0